10001000001010
10000010001000
11000000001010
10100000001010
10001000010010
11000000001010
10000000010000
10000100010000
00000001110110
11000000010010

11000000001010
10000000010000
10000100010000
00100000110000
11000000010010
10001000001010
10100000010010
10000010010000
10001000010010

10010000001000
10001000010010

10001000001010
10100000001010
10000100010000
01000000110000
00010000110000
00001000110000
00000100011011
00000010110110
10000000110000
10001000010010
11000000001010
10000000010000
10000100010000
00000001110110
11000000010010

10000000010000
10001000001010
10000100010000
00001000110000
10000000110000

11000000001100
10000000010000
10000100010000
00100000110000
11000000010100
10100000001010
10100000010100
10001000001010
10001000010100

10001000001100
11000000001100
10100000001100
10001000001100
10000100010000
00000100011011
10000000110000

10001000001100
10000000010000
10000100010000
00100000110000
10001000010100

11000000001010
10100000001010
10001000001010
10010000010000

11000000001100
10000000010000
10000100010000
00100000110000
11000000010100
10001000001100
10100000010100
10001000001010
10001000010100
11000000001100
10000000010000
10000100010000
00100000110000
11000000010100
10001000001100
10100000010100
11000000001100
10000000010000
10000100010000
00100000110000
11000000010100
10100000001010
10100000010100
10001000010100
10001000010010
11000000001100
10000000010000
10000100010000
00000001110110
11000000010100
10100000001100
10100000010010
11000000001100
10000000010000
10000100010000
00000001110110
11000000010100
10001000010100
11000000001100
10000000010000
10000100010000
00000001110110
11000000010100

11000000001010
10000000010000
10000100010000
00100000110000
11000000010010
10001000001010
10100000010010
10010000001001
10001000010010